a=10^5;
b=25^2-15;
c=a/b
c= 163.9344

area= pi*power(10,2)
area= 314.1593
